20001
308
943
969
746
147
34
609
533
195
565
740
485
600
377
527
309
558
274
542
762
22
121
540
837
528
5
101
866
56
651
334
59
216
449
852
577
713
550
544
724
566
542
10
27
101
369
87
129
7
467
476
657
180
199
422
991
723
420
819
390
383
722
484
448
649
144
292
136
22
45
707
747
57
655
619
696
148
150
690
413
767
593
706
655
985
352
434
308
82
243
817
680
377
694
996
672
348
751
267
456
327
622
98
183
923
829
835
344
372
829
223
512
497
194
769
498
293
438
945
235
658
995
509
683
698
265
437
915
585
288
829
404
544
950
218
732
95
433
306
923
317
406
629
568
963
238
530
326
782
245
709
488
874
571
54
873
943
13
826
635
267
707
880
717
429
5
446
179
965
458
44
379
805
370
327
427
60
951
14
383
14
389
409
457
138
310
306
632
712
338
960
135
756
707
655
276
547
192
39
264
916
768
251
883
353
334
927
645
55
163
196
612
448
21
434
179
552
565
745
605
914
461
230
602
59
392
94
495
233
79
423
794
412
440
951
123
138
564
694
235
63
524
393
174
458
20
654
983
519
698
351
741
127
406
242
738
368
510
815
267
907
584
136
182
199
684
957
870
549
172
965
710
206
446
901
210
581
851
20
618
762
917
951
775
129
637
450
623
938
485
348
689
625
708
119
8
425
801
366
90
13
102
798
235
154
42
776
814
644
977
27
641
29
288
735
600
732
999
583
430
766
270
168
39
586
145
448
581
658
523
917
159
34
97
563
21
55
27
88
496
325
956
657
885
637
688
598
45
590
979
62
410
653
36
591
989
310
875
33
278
838
109
243
390
329
271
264
400
214
569
228
808
35
756
324
379
450
619
642
558
106
603
907
898
82
568
930
761
753
47
600
245
10
310
300
71
144
197
455
200
673
733
990
442
81
310
379
992
342
170
554
868
477
265
918
972
312
635
540
168
953
398
202
54
8
715
197
786
766
856
211
855
317
666
267
276
835
594
376
379
786
917
42
557
832
242
305
997
100
539
703
577
614
113
268
114
516
8
322
841
757
400
926
787
152
956
603
801
282
832
148
602
432
444
465
802
34
445
209
912
906
893
521
716
341
526
220
273
750
788
533
433
563
597
838
705
632
547
823
986
292
497
611
305
489
649
596
101
181
787
147
879
269
821
63
710
929
632
610
937
409
27
126
32
692
842
953
140
161
951
973
260
30
413
408
67
240
437
91
985
633
627
500
787
889
181
412
541
197
605
277
635
860
341
679
348
14
528
645
38
685
117
779
735
757
947
676
437
297
420
629
705
81
902
841
875
354
598
859
376
338
567
205
766
277
788
219
99
282
374
229
524
404
459
1000
763
354
326
330
224
249
857
40
417
95
817
832
168
373
819
835
370
321
265
452
279
894
578
850
737
32
773
426
276
341
943
960
36
911
944
277
516
990
920
21
765
891
119
180
664
931
428
61
127
316
993
355
425
754
424
803
620
747
537
609
83
590
855
813
624
452
144
354
310
984
729
732
653
426
366
959
84
688
349
728
801
682
993
281
262
227
374
676
413
64
502
556
41
715
732
102
665
967
432
310
942
696
911
383
372
122
446
288
419
230
828
233
130
19
792
813
824
913
856
463
170
165
96
754
109
839
924
134
316
567
849
293
333
545
462
581
750
924
514
540
319
29
9
788
995
641
309
288
834
309
306
287
698
491
524
589
201
247
324
338
624
898
587
192
143
715
914
339
614
786
875
371
925
897
23
753
934
543
547
814
899
39
966
389
742
550
338
82
808
284
236
72
763
657
856
239
756
4
530
924
497
372
861
711
654
75
615
101
28
961
139
622
825
491
366
310
231
371
748
174
55
238
433
301
375
158
347
407
738
235
560
952
25
745
845
74
708
537
867
963
618
966
994
969
244
318
403
480
813
178
450
267
453
10
937
612
777
845
198
762
361
623
300
635
177
233
74
20
804
264
517
419
691
211
994
407
9
125
295
49
672
530
988
515
394
475
569
582
420
809
697
934
666
317
170
249
177
64
170
292
337
382
732
652
550
582
117
824
758
358
73
453
195
699
960
601
983
306
336
964
472
384
920
687
58
330
391
864
190
332
805
998
35
854
538
478
795
396
443
559
814
136
837
567
688
706
822
416
137
150
30
35
421
573
985
99
86
538
329
91
293
934
885
724
552
754
528
807
943
774
1000
803
723
677
909
567
950
219
490
426
545
591
379
612
883
262
246
558
116
80
673
507
713
262
363
176
813
115
819
476
983
170
216
212
309
96
935
375
252
861
815
737
346
955
749
865
928
985
606
437
908
903
844
235
64
962
143
199
849
567
557
582
197
240
792
599
2
314
127
783
601
758
968
856
763
283
104
23
429
106
300
713
893
964
835
778
182
621
24
222
688
276
565
19
772
612
223
992
825
915
362
907
870
472
894
813
286
469
987
94
422
920
594
561
325
964
829
8
522
772
517
965
490
740
994
632
996
580
677
105
505
808
733
393
191
155
15
602
452
828
870
201
205
81
185
509
127
761
178
645
919
36
584
24
146
648
267
669
231
93
438
202
820
686
2
16
607
680
849
37
704
817
721
808
242
129
862
227
441
495
28
107
589
747
489
44
748
53
355
143
431
253
214
764
746
703
424
681
767
104
842
966
408
438
698
462
468
565
606
599
610
985
259
488
795
273
903
978
215
784
896
223
927
711
625
437
475
533
882
411
17
186
801
418
409
887
248
198
1000
819
920
860
10
579
32
535
759
341
706
16
841
804
601
751
739
336
240
261
295
700
596
498
52
647
152
328
38
845
272
412
639
192
150
968
648
371
921
311
252
722
116
43
629
866
339
166
317
958
948
433
20
168
205
957
530
479
163
931
668
668
109
906
267
949
702
874
725
150
950
701
594
158
994
602
756
68
185
149
97
563
789
172
435
421
436
345
115
718
440
895
493
337
317
771
724
582
916
385
293
108
932
433
594
956
97
348
73
552
800
540
160
242
787
38
387
58
844
435
668
490
606
601
240
794
699
86
933
790
477
965
603
870
585
675
502
628
357
477
929
72
657
72
386
924
160
113
672
797
440
919
946
855
31
740
816
261
366
838
908
754
747
62
950
107
155
785
195
797
230
581
429
520
530
806
265
691
543
312
472
54
143
294
586
429
28
718
27
508
900
671
847
149
262
446
247
866
798
330
632
315
456
911
331
630
194
906
742
396
232
561
65
857
582
302
427
823
267
72
27
825
86
830
514
94
347
694
900
380
926
875
652
443
321
556
748
723
240
581
350
784
300
564
53
936
211
9
340
919
683
62
638
213
404
897
865
125
24
811
510
293
808
72
137
524
265
271
560
278
448
423
786
350
208
741
237
472
725
114
948
563
107
428
480
891
514
777
179
811
62
721
666
494
92
408
909
503
174
592
915
866
80
315
398
880
401
40
598
212
434
499
580
688
613
440
760
940
358
542
547
340
260
220
898
110
650
256
389
625
304
439
633
376
890
178
507
928
298
901
929
178
573
925
699
671
239
411
46
809
753
941
169
569
435
866
337
316
84
253
657
112
8
129
367
193
12
709
642
515
45
976
228
695
896
913
620
1000
253
897
461
105
516
953
984
902
651
774
710
936
882
678
807
64
36
988
492
359
400
256
19
575
674
204
615
21
771
502
13
955
966
327
427
568
873
620
269
176
184
604
970
761
875
106
361
278
877
450
516
303
710
258
685
699
615
888
218
325
916
660
67
504
121
827
229
159
448
852
848
51
406
181
43
298
192
246
608
123
463
256
296
160
294
4
605
511
866
39
95
419
627
313
967
622
423
730
261
20
398
776
728
876
7
61
607
204
718
309
904
819
269
130
770
885
86
491
806
595
495
221
895
684
314
327
201
897
360
149
995
289
972
923
47
379
357
395
760
733
534
594
136
873
721
764
351
384
762
435
32
935
347
53
705
930
284
661
87
914
346
317
932
950
56
446
669
794
514
89
947
598
509
725
803
692
179
570
132
525
317
444
943
443
750
531
422
931
965
680
993
823
245
776
195
653
20
42
327
760
764
724
718
343
836
475
348
252
270
852
585
895
439
308
971
551
89
55
249
48
456
680
23
420
963
822
715
3
413
241
761
989
680
82
795
860
447
725
500
337
495
252
401
131
402
926
65
367
868
262
747
902
676
946
588
602
678
926
1
297
724
263
599
559
172
515
10
65
473
797
606
874
824
534
471
260
437
141
417
337
805
547
389
767
901
397
357
942
579
820
496
192
172
79
29
512
623
296
950
891
719
632
113
931
405
766
117
115
916
341
768
396
12
72
243
112
735
261
970
483
386
466
839
245
407
827
306
482
739
13
441
411
218
103
867
694
804
618
389
642
357
836
972
541
157
925
945
267
261
597
81
450
430
658
898
365
584
682
687
899
398
963
754
315
584
918
568
233
534
705
117
816
50
315
812
99
409
38
293
588
857
408
909
631
281
959
704
494
25
160
884
460
78
795
687
562
862
207
328
265
934
321
380
822
861
845
65
90
13
337
634
963
305
880
275
646
278
493
314
251
533
97
468
483
750
707
621
318
414
825
229
815
347
666
272
818
834
532
896
96
445
433
77
632
442
981
476
935
693
84
563
159
542
883
877
903
836
843
356
757
685
858
945
244
398
631
712
749
450
549
230
549
553
172
918
764
331
201
726
459
254
248
968
726
970
835
276
678
513
396
694
44
481
57
998
487
738
488
849
593
444
465
415
302
668
939
749
556
835
97
617
236
363
374
355
1
894
534
130
93
939
327
66
610
398
362
608
850
439
969
932
395
389
872
592
528
718
270
992
796
46
492
153
944
276
613
827
349
759
234
498
462
28
409
878
743
322
720
402
6
576
713
640
16
541
647
574
664
254
741
374
1000
669
677
726
146
148
659
788
123
344
936
186
859
139
312
473
225
685
465
215
117
635
398
448
37
860
552
468
147
735
913
826
801
55
910
972
352
394
649
690
714
684
387
760
641
844
931
287
456
459
549
941
531
320
955
789
36
308
830
221
409
597
975
89
37
221
799
735
963
361
210
28
329
650
483
849
317
923
976
712
106
398
87
678
441
467
958
684
760
954
48
598
364
879
430
452
367
504
996
408
748
611
670
578
974
568
381
588
920
40
672
518
564
380
479
629
695
348
178
394
31
70
421
996
782
40
726
760
794
646
449
506
651
222
6
538
651
601
505
933
980
1000
143
943
517
797
22
983
587
26
55
228
928
679
927
259
8
287
510
934
166
508
259
340
877
79
764
323
991
399
627
141
46
868
172
274
905
61
998
350
691
489
896
977
102
995
173
421
142
146
14
736
934
274
530
574
480
795
925
506
339
639
985
635
876
241
590
454
980
878
328
386
215
75
3
732
833
171
402
529
424
815
796
903
221
550
544
534
918
752
16
994
46
528
227
409
122
231
263
275
26
228
111
380
408
935
196
226
215
887
740
452
343
302
139
733
433
87
656
804
600
751
413
355
450
64
727
550
126
607
644
827
496
437
91
142
492
51
624
833
97
402
861
462
882
496
485
382
639
261
878
483
719
605
362
305
482
713
449
759
353
145
789
803
993
961
248
801
976
456
615
525
448
107
937
505
792
811
742
10
264
718
567
194
767
101
240
367
620
850
55
655
392
469
680
761
920
984
555
676
135
383
328
187
125
963
558
302
759
894
125
337
70
809
771
375
502
231
565
502
164
360
920
163
257
382
69
498
229
132
681
664
150
707
953
115
758
539
648
513
382
673
233
216
17
244
86
716
500
277
228
632
74
985
157
99
994
579
715
837
720
575
65
400
12
809
376
641
724
106
423
42
974
30
67
597
219
225
200
302
431
791
155
776
666
944
783
242
911
358
987
258
98
952
377
552
724
970
482
622
749
67
928
237
609
868
170
150
4
121
154
770
914
70
393
6
639
663
874
155
780
858
548
951
288
670
295
309
858
492
347
768
779
75
267
486
616
1
947
530
760
665
217
440
680
945
890
479
578
737
749
20
875
354
136
492
92
495
53
398
691
460
757
296
906
742
700
170
287
75
570
134
740
326
904
793
760
116
530
628
484
175
702
511
482
486
339
89
690
26
239
93
433
439
915
291
524
93
979
95
119
198
172
62
11
476
120
495
107
55
188
888
521
336
290
779
521
616
682
346
357
755
876
597
105
605
595
321
112
923
189
857
671
974
869
706
149
240
704
442
916
106
928
714
288
54
386
384
250
371
931
297
329
366
457
727
608
768
568
762
172
952
151
879
721
91
366
410
569
203
620
415
436
683
698
546
679
939
430
354
268
657
146
94
867
493
778
297
890
263
18
35
641
943
640
217
974
859
403
885
540
210
650
490
634
503
149
900
47
388
516
17
329
36
461
47
947
985
692
213
617
684
779
101
623
687
11
452
626
551
85
205
694
878
775
181
21
456
867
535
491
169
333
157
279
287
651
262
913
80
923
670
453
357
883
142
283
185
781
772
933
690
190
882
902
639
672
663
671
912
703
811
821
602
170
980
737
170
734
879
423
932
317
957
413
116
902
166
799
689
15
307
296
708
82
51
96
802
273
985
134
817
911
320
686
68
712
590
630
756
914
176
480
566
283
120
785
481
191
920
642
406
375
544
799
436
949
310
394
760
175
878
178
147
891
317
934
737
627
579
711
745
409
257
791
586
734
900
875
41
518
553
413
547
460
208
535
207
355
703
230
449
736
200
356
69
474
988
488
482
104
462
972
677
706
159
565
349
579
70
457
739
274
432
986
55
349
81
27
855
857
768
343
530
158
146
505
123
801
377
294
66
201
118
107
196
846
690
930
869
578
487
452
483
921
904
623
68
855
150
79
200
781
885
414
292
389
903
224
936
478
305
918
787
528
486
309
252
957
229
971
704
523
507
103
876
243
3
611
841
723
135
277
788
202
919
910
912
76
872
181
625
225
96
23
538
920
272
192
296
782
99
23
983
540
821
351
700
155
387
920
18
982
457
582
19
303
488
496
584
295
300
57
801
278
149
223
219
496
278
943
73
175
773
739
391
705
789
344
978
895
850
583
277
988
915
481
578
512
147
782
669
46
590
344
146
117
573
49
923
910
130
294
487
304
838
528
182
626
356
969
566
935
409
83
594
709
802
712
516
447
764
477
88
772
253
931
91
903
699
476
214
47
988
728
109
155
832
605
588
429
556
992
567
652
266
371
83
662
754
6
689
24
903
313
116
266
654
260
74
590
572
49
998
214
471
195
958
639
594
59
336
253
479
620
694
434
558
41
255
406
494
418
694
412
113
222
9
857
879
637
117
703
632
678
783
890
883
515
263
283
739
451
156
890
856
937
550
524
799
178
701
973
714
798
34
966
201
47
612
697
413
593
705
760
662
517
893
969
906
646
732
401
359
989
636
153
825
855
584
440
183
245
598
199
42
190
702
623
90
588
442
616
53
986
3
124
22
689
867
730
585
534
226
977
250
311
694
941
716
239
988
699
502
325
125
976
25
17
718
903
722
181
692
85
966
946
891
542
332
498
349
435
804
745
170
442
658
824
294
724
384
841
852
292
412
18
963
483
826
839
146
21
319
602
3
305
673
577
364
834
35
531
50
778
118
930
446
226
428
10
179
687
43
513
768
289
266
429
199
875
756
561
426
691
242
731
679
417
961
510
227
328
316
137
399
649
593
896
519
320
330
355
287
626
601
592
40
566
465
963
131
486
509
305
726
656
327
324
699
731
595
784
514
969
104
706
616
151
771
291
714
325
129
344
207
694
270
889
755
758
645
308
115
589
572
334
853
893
445
504
37
663
526
456
874
269
784
676
594
830
512
831
564
211
665
866
977
958
824
135
10
940
416
396
332
403
534
761
124
744
458
414
445
409
109
190
624
736
722
479
112
395
380
856
552
434
737
385
934
917
727
608
951
201
487
317
645
591
222
989
988
829
722
818
162
590
689
825
158
568
246
661
980
762
378
77
564
493
839
438
174
587
603
735
931
358
457
8
17
589
391
651
7
821
447
398
612
943
505
363
329
930
49
587
439
743
160
275
59
440
12
895
268
691
631
366
165
504
448
220
786
852
150
906
524
51
787
34
974
12
761
849
298
151
954
556
670
716
557
623
43
880
771
11
887
737
496
351
138
44
566
251
739
144
924
373
448
658
946
757
812
109
885
514
820
530
244
981
642
107
161
739
373
91
413
670
230
373
284
473
708
747
248
320
1000
359
545
930
997
557
90
192
851
932
396
104
402
493
569
909
402
42
807
213
556
526
255
965
610
226
480
454
884
123
302
575
991
75
375
245
466
404
792
814
823
838
409
461
303
538
147
34
457
822
64
298
280
866
870
474
896
320
284
690
26
379
905
429
229
420
139
63
659
348
486
958
146
676
77
726
528
440
923
93
108
294
201
612
983
784
979
4
799
679
217
210
760
311
990
694
426
95
794
646
55
911
326
683
77
581
8
844
340
982
459
377
864
463
359
638
650
523
32
181
532
307
97
35
887
548
922
115
234
48
861
923
705
250
182
93
218
492
846
363
944
916
284
617
239
552
338
89
633
812
176
20
701
540
62
663
816
958
24
420
499
627
698
897
493
954
95
589
963
817
30
58
675
454
639
788
661
335
447
133
113
97
720
751
167
275
637
134
824
359
35
329
925
250
416
536
532
985
195
151
372
222
940
493
649
553
521
621
75
917
232
713
824
44
681
824
12
135
899
762
659
242
812
350
979
851
397
891
606
402
768
675
248
854
628
744
856
636
981
141
429
706
542
22
92
386
420
973
212
477
779
861
80
598
486
843
20
404
593
85
301
890
480
470
866
681
505
695
749
144
842
689
632
189
408
294
247
120
709
443
420
301
424
440
287
750
495
448
233
163
838
458
728
46
700
928
142
413
15
11
763
357
133
239
761
604
209
308
617
137
726
306
24
309
297
719
609
774
844
808
347
811
919
35
680
429
303
141
393
156
457
849
437
571
495
798
576
553
1
562
181
517
573
943
904
114
961
228
629
131
655
283
888
608
128
847
704
722
715
430
914
862
745
745
454
17
128
577
687
548
874
404
539
427
66
315
42
574
605
971
978
842
212
712
520
247
636
667
710
464
287
722
167
970
778
839
624
217
868
391
317
510
369
734
91
321
195
938
158
622
928
202
509
890
565
215
225
300
9
264
892
697
693
257
238
551
198
702
801
645
999
572
773
739
145
824
34
635
141
288
771
653
484
659
684
420
140
212
996
701
989
493
445
940
737
571
779
93
336
86
270
419
969
208
456
736
67
431
176
59
577
762
406
793
228
576
867
345
764
79
896
38
506
162
697
20
816
442
102
277
671
515
466
711
184
656
551
761
609
291
409
964
679
207
434
16
665
329
724
231
540
490
636
99
674
819
652
149
869
275
90
970
153
822
698
905
4
769
216
184
684
847
211
334
908
627
472
928
631
736
188
698
625
809
953
280
490
122
836
541
252
79
190
577
493
220
674
713
478
618
378
809
694
551
855
611
239
162
837
856
89
496
619
645
304
390
67
99
545
327
655
705
261
135
846
249
434
832
204
730
825
380
729
195
699
327
995
139
448
186
97
666
14
639
41
322
848
933
827
610
871
572
881
712
708
586
252
595
344
634
46
290
87
232
513
528
511
529
622
778
939
971
8
244
730
426
166
694
465
289
779
73
702
819
522
379
852
744
505
519
90
609
44
249
429
260
808
193
364
523
723
586
573
270
206
552
876
234
740
167
657
800
154
73
534
665
186
884
11
618
622
617
7
770
986
46
865
215
206
286
881
870
79
77
538
190
454
805
56
423
104
527
994
419
257
19
496
722
311
75
685
140
131
64
150
842
488
877
113
347
594
511
275
598
751
983
740
882
676
960
132
829
835
101
620
901
639
256
570
489
980
581
59
902
916
777
658
837
866
945
588
302
95
537
465
570
459
660
356
668
895
415
126
313
78
679
967
807
416
342
61
259
244
61
350
849
17
313
922
829
55
117
551
46
746
235
124
986
78
911
518
259
190
602
965
758
995
179
15
686
756
95
247
778
166
504
831
501
809
604
600
806
608
893
961
415
291
748
369
969
714
331
182
853
628
441
388
304
568
325
186
976
182
518
377
343
310
913
280
212
492
600
115
314
805
952
479
468
174
287
685
17
939
824
443
270
820
442
838
463
111
350
334
171
615
242
860
799
399
89
378
902
974
276
598
293
858
286
624
250
687
450
799
475
677
976
839
61
381
965
43
531
629
129
893
719
698
720
598
371
216
42
392
313
686
631
156
513
935
4
949
506
777
848
391
32
207
762
556
101
297
817
91
263
748
316
713
468
104
79
22
632
21
703
759
915
459
486
48
890
15
913
462
265
206
44
178
292
581
680
417
143
87
809
353
181
119
552
645
437
45
661
76
351
668
471
680
792
352
254
957
69
499
695
293
228
331
916
403
215
139
990
853
50
154
315
103
882
562
282
685
613
26
134
969
892
37
380
135
244
435
63
27
47
156
724
634
118
157
876
402
184
379
443
690
881
931
437
666
387
196
60
381
802
53
835
832
858
468
673
236
80
779
80
946
787
251
405
385
38
133
385
208
139
609
630
868
198
33
759
717
424
47
429
127
323
72
704
715
804
692
825
176
276
668
940
854
861
255
307
359
749
878
582
146
648
773
939
415
743
652
511
17
562
618
342
584
606
970
813
776
824
923
672
763
468
410
859
898
810
830
32
359
670
533
297
542
141
112
293
802
502
114
933
277
551
57
769
466
738
323
215
802
498
489
33
928
784
108
752
725
961
91
30
498
217
203
894
943
429
572
831
232
433
688
777
658
193
450
288
713
321
391
122
448
125
193
964
965
445
794
780
384
275
907
555
802
881
921
282
46
665
154
602
21
358
301
867
490
841
609
960
934
521
832
738
664
654
910
27
427
517
688
644
254
407
696
417
792
796
978
472
739
580
626
630
531
260
954
291
290
712
622
667
490
410
541
837
385
942
124
74
832
388
802
427
643
831
55
61
680
891
647
408
420
637
619
898
32
301
558
954
322
569
656
954
25
654
39
860
881
353
679
836
697
206
248
682
168
48
931
71
436
489
633
261
436
228
817
884
512
996
902
689
419
750
361
119
735
863
966
93
375
566
766
451
941
411
691
47
311
77
63
771
10
927
667
521
212
268
744
346
652
422
224
320
731
516
243
714
657
882
948
18
36
25
519
30
26
221
711
358
479
163
487
958
915
726
917
587
858
113
222
838
593
607
715
609
995
332
631
174
479
590
671
285
795
453
173
644
841
625
178
7
25
333
803
191
24
564
969
821
479
186
566
446
110
749
928
836
718
122
935
956
599
28
22
369
107
988
398
992
598
299
897
67
600
214
908
624
991
631
934
298
444
139
889
335
344
240
665
319
419
939
974
803
872
611
625
119
477
119
608
248
209
149
588
546
857
988
655
344
376
118
135
360
239
892
261
100
204
705
332
476
496
238
536
230
529
874
444
142
192
229
335
193
712
490
84
614
810
155
289
775
33
463
351
71
548
29
558
407
187
185
847
679
408
392
88
954
795
724
860
367
441
538
826
617
533
275
953
766
992
390
288
41
924
421
628
940
886
593
465
89
102
846
80
995
654
830
743
245
925
211
576
212
904
884
897
648
265
122
137
801
269
567
142
118
32
279
417
695
829
238
49
429
356
67
834
695
168
655
415
960
959
68
450
57
715
362
307
193
294
928
5
47
466
234
42
149
708
809
612
599
989
548
990
270
110
829
649
483
93
946
623
365
444
164
582
367
463
47
39
577
164
60
587
752
758
228
948
979
916
18
966
662
11
717
335
362
314
378
916
561
184
616
551
22
853
368
351
809
452
184
72
108
578
628
135
2
315
570
622
61
549
571
524
560
49
558
92
417
772
476
189
971
385
679
870
631
158
14
35
861
761
643
263
490
859
337
124
214
839
561
810
382
343
659
964
60
255
410
913
261
909
77
74
691
31
612
567
710
729
648
37
328
665
972
920
834
312
93
188
166
6
171
248
275
38
917
365
334
548
685
705
184
62
646
656
202
714
312
310
317
986
447
49
120
84
639
194
43
935
706
260
820
989
505
246
232
426
599
526
942
245
837
5
997
840
830
208
286
406
403
144
784
684
44
946
509
312
383
481
971
15
298
32
128
978
743
421
596
441
922
523
528
179
701
369
971
184
992
220
751
834
638
227
975
63
721
793
279
445
423
559
606
570
920
509
293
714
706
853
729
666
456
232
336
458
451
629
256
497
599
578
331
750
641
715
136
844
556
459
900
684
620
590
806
470
142
636
262
705
67
444
3
795
528
539
499
185
292
248
423
126
377
307
381
117
83
522
741
598
436
787
676
592
975
241
579
829
80
72
924
57
17
553
692
826
666
743
30
969
750
990
794
641
520
174
693
570
203
469
194
115
642
354
704
385
750
227
200
813
355
612
150
84
268
823
750
402
164
156
909
64
642
93
286
276
133
896
557
759
405
966
529
548
491
130
628
842
894
735
862
503
582
220
443
351
730
574
570
875
739
370
135
783
617
502
437
466
976
504
585
404
968
831
255
306
670
109
939
99
115
617
414
350
171
131
824
466
263
333
811
9
309
705
952
214
744
383
235
715
385
91
16
292
108
81
221
938
627
913
786
584
437
156
766
761
234
499
884
163
326
868
765
748
757
722
768
62
772
651
897
982
868
393
31
91
751
755
257
373
301
281
53
925
808
196
319
404
960
646
74
426
560
811
642
466
51
49
127
815
157
842
670
826
264
306
570
132
375
882
477
592
594
71
709
457
681
927
193
586
582
744
170
632
597
66
713
688
802
222
921
82
419
43
192
457
911
702
211
69
852
596
670
4
921
257
369
816
181
293
996
5
759
507
614
54
843
617
154
341
110
358
850
687
674
39
404
849
532
366
481
544
609
778
624
22
384
1000
78
758
63
627
249
460
758
31
572
365
83
442
356
505
799
496
739
632
941
638
111
902
560
48
993
770
671
95
295
532
5
866
745
135
863
933
429
642
296
826
407
46
86
368
186
628
575
989
862
417
439
532
64
935
100
190
644
118
559
319
190
718
337
848
340
731
553
32
558
164
675
22
252
730
757
658
921
335
151
231
498
171
566
993
884
806
885
711
236
962
135
78
419
306
437
345
697
371
795
37
980
40
554
75
170
724
674
784
635
556
165
342
132
519
655
553
542
754
265
273
604
343
890
504
628
454
551
757
727
57
979
20
119
875
986
735
762
845
320
107
656
91
804
699
208
648
264
852
237
38
464
153
549
330
248
12
620
720
985
700
17
654
627
145
315
667
491
594
111
981
577
375
234
932
53
371
599
323
508
313
89
490
981
569
777
720
379
90
150
87
70
647
830
772
310
359
590
526
371
406
707
409
848
582
209
181
433
481
955
61
822
394
301
278
384
878
900
183
567
186
941
870
932
731
123
978
349
407
560
870
984
895
199
321
721
707
174
584
709
227
447
651
953
599
160
541
816
768
672
426
193
702
688
534
824
173
866
627
81
694
311
330
878
363
236
648
400
825
5
226
205
421
796
523
617
813
230
213
86
345
50
499
559
403
478
384
752
991
804
403
781
785
549
125
262
835
883
813
6
299
853
87
556
732
112
84
467
212
204
569
233
924
586
781
501
577
976
786
982
546
363
450
298
938
899
190
787
478
592
394
349
595
258
544
219
305
518
546
285
579
816
449
705
592
350
458
596
563
853
127
716
997
155
52
306
192
245
652
923
427
827
788
291
903
852
321
620
768
374
158
964
487
680
954
972
580
764
746
163
590
276
497
193
383
319
91
855
715
978
414
975
397
81
719
115
101
403
212
824
683
777
895
414
667
214
236
198
593
849
319
742
555
653
634
390
696
566
982
154
421
137
644
501
564
166
987
567
58
232
102
749
300
850
114
870
955
261
71
772
235
327
308
688
64
346
636
499
681
582
329
309
127
50
228
881
946
815
628
562
469
65
936
774
531
79
521
26
407
588
640
842
760
645
528
253
85
21
582
293
908
174
679
622
248
214
147
258
63
377
716
17
591
649
661
608
107
556
3
366
831
248
564
826
267
747
347
182
558
994
589
51
4
928
539
184
528
442
61
967
341
250
136
654
554
587
581
170
39
73
367
145
462
995
645
510
467
861
557
430
255
757
244
451
455
207
417
505
571
447
484
710
740
549
804
506
963
208
843
861
314
578
143
74
247
555
376
129
385
92
471
693
514
109
961
891
703
385
660
548
419
633
14
151
139
699
990
122
715
261
14
185
849
689
725
190
446
602
29
212
296
478
975
639
441
845
108
252
578
851
860
785
929
410
232
571
303
388
650
387
66
120
219
656
867
384
211
691
208
832
81
903
680
228
836
800
892
840
652
903
295
316
546
396
953
863
148
612
558
965
49
585
23
467
70
881
798
951
653
397
606
439
802
26
406
376
862
383
510
868
830
362
120
192
522
441
837
185
440
488
664
839
142
943
106
597
552
356
372
131
21
509
194
352
184
123
675
207
271
898
535
163
143
336
559
971
979
870
628
276
872
797
257
107
51
311
643
769
745
922
496
432
980
765
381
907
406
336
662
987
777
395
851
276
768
639
344
202
862
254
900
11
273
178
457
625
41
530
588
675
792
779
739
6
324
564
732
509
982
739
707
402
897
261
774
671
518
253
674
251
250
230
437
760
877
350
170
689
836
201
800
540
495
661
179
198
181
48
951
68
543
909
973
872
51
170
462
659
806
663
33
939
784
949
592
435
664
473
816
701
305
421
77
226
292
999
327
125
381
425
395
133
26
224
742
880
82
7
679
96
415
752
728
44
616
930
428
681
116
838
978
727
169
692
598
45
628
713
317
5
921
372
3
438
266
21
513
140
756
906
472
131
788
606
207
574
179
686
640
998
828
889
946
516
384
551
574
476
257
441
204
1
50
109
560
783
972
133
185
553
407
35
463
657
678
334
84
160
717
111
57
585
183
507
84
739
394
182
353
135
189
79
304
934
263
308
631
2
825
105
826
166
30
57
123
262
433
932
269
995
347
426
681
276
627
569
868
612
817
634
374
920
260
19
668
529
500
192
767
443
680
859
921
811
683
532
779
148
336
693
648
259
247
141
705
181
848
731
170
813
397
63
937
267
704
885
126
414
682
586
698
906
166
490
715
890
499
328
137
203
831
712
70
521
896
53
156
648
52
516
847
909
952
293
246
721
78
245
992
324
569
65
405
594
801
744
579
63
388
371
142
808
47
683
412
383
663
36
917
875
974
425
525
888
404
443
542
533
570
561
780
423
560
537
714
299
230
795
17
483
579
264
895
318
544
16
760
358
789
779
875
825
219
652
395
207
510
309
888
732
368
617
471
591
595
40
124
72
745
954
971
480
822
440
303
839
688
439
292
165
716
708
860
699
901
946
554
57
452
429
590
383
223
902
227
324
378
85
664
190
146
980
94
822
19
411
179
388
128
31
694
955
333
659
117
298
844
999
99
742
135
661
116
797
906
748
62
1
260
832
36
217
950
574
649
30
591
174
76
767
936
232
238
598
327
163
847
617
182
842
147
186
325
105
16
168
694
415
537
934
566
763
739
533
619
211
533
243
432
914
176
191
238
856
935
109
390
69
605
591
161
626
895
602
655
242
108
428
655
795
353
761
574
469
992
207
419
790
668
33
927
603
363
600
777
429
222
638
950
689
224
609
485
818
125
112
742
306
96
588
381
458
376
977
315
76
553
93
983
613
7
593
384
653
401
298
777
854
26
152
799
875
317
988
996
652
753
205
721
98
172
313
902
303
519
274
765
251
825
867
764
137
656
317
553
284
682
888
425
320
363
241
501
175
49
690
305
638
447
776
336
923
457
246
991
300
212
738
593
795
950
828
597
55
458
503
135
969
305
860
660
234
820
801
694
432
909
535
888
232
258
740
946
136
713
91
841
142
742
752
768
917
56
134
108
535
355
622
539
176
304
489
726
396
811
823
792
247
615
919
895
280
494
712
846
660
454
664
318
959
903
659
275
713
470
449
772
279
137
842
932
450
19
8
870
486
336
622
452
43
13
153
617
20
95
828
511
336
386
448
25
815
687
369
381
472
215
400
309
94
77
943
915
385
188
841
43
249
229
428
951
50
776
247
630
134
509
240
598
872
958
312
439
613
492
703
37
95
749
239
137
251
144
918
724
928
930
202
96
131
95
19
800
706
743
670
524
885
68
920
937
304
14
36
868
399
615
761
607
158
8
637
808
49
224
220
499
544
399
132
189
830
275
887
283
407
442
505
127
694
320
393
6
841
675
466
750
788
410
150
867
503
216
575
748
817
844
174
381
30
40
454
658
562
45
677
658
8
967
150
85
175
467
364
984
74
813
825
698
980
496
621
505
398
435
908
684
862
708
550
980
489
631
336
356
977
491
181
845
34
778
589
785
847
814
779
263
423
34
229
71
682
36
69
545
129
957
409
41
202
646
895
453
451
178
328
151
66
569
743
305
884
653
184
705
525
13
760
656
481
670
504
2
186
736
304
503
457
673
438
363
402
382
877
840
983
901
102
447
860
99
676
975
915
775
259
929
698
520
61
326
627
886
28
278
894
683
107
239
693
634
20
394
452
374
396
326
669
981
244
637
225
684
930
327
590
235
56
392
794
782
930
232
433
737
13
253
670
739
79
335
791
899
440
256
767
449
982
591
508
995
772
707
537
887
258
924
578
442
37
536
451
212
988
158
846
100
252
47
931
197
975
819
584
264
916
985
390
651
229
875
961
140
693
479
309
41
940
908
532
555
864
118
549
144
808
838
339
38
803
165
12
487
564
362
284
824
74
414
606
542
952
632
502
686
514
575
559
352
859
910
854
357
473
435
87
111
549
102
680
337
411
293
496
328
382
997
574
990
491
78
308
560
328
284
206
291
213
223
75
820
108
866
528
219
349
798
382
838
99
479
953
245
47
3
814
683
810
849
658
68
789
527
973
191
431
818
303
883
397
721
304
243
90
864
638
830
447
54
508
991
628
126
68
139
132
474
934
966
365
613
44
937
189
125
378
296
289
30
700
257
32
835
245
598
806
940
699
146
538
937
347
640
372
347
130
985
288
332
109
386
285
340
54
86
799
229
725
947
438
412
987
233
565
143
315
804
9
724
601
578
641
376
761
837
605
234
111
547
409
433
847
664
792
194
970
204
617
652
690
251
463
727
325
963
471
248
171
140
466
870
483
669
23
664
581
622
234
628
76
752
591
711
331
878
740
983
684
152
572
362
81
744
792
61
962
867
453
257
668
712
320
713
268
722
810
495
570
793
985
19
236
821
67
342
325
265
669
72
17
903
623
82
626
274
976
146
982
90
210
308
997
704
680
151
432
580
769
898
948
636
838
781
44
163
924
554
694
673
100
528
149
597
156
110
918
524
893
786
333
591
382
403
196
398
69
816
443
750
535
145
738
634
265
528
911
513
224
999
153
673
741
364
652
820
36
11
290
371
889
644
376
551
386
261
293
48
750
14
673
136
301
415
187
490
628
125
887
41
340
151
592
627
894
182
638
229
39
667
494
992
766
317
328
186
555
311
366
774
99
251
919
947
719
447
706
812
396
772
422
122
53
383
908
449
951
851
807
642
848
911
848
820
352
373
299
159
828
37
278
552
33
302
216
591
327
715
354
759
553
994
397
593
39
217
117
984
731
769
735
876
104
30
541
303
188
11
820
800
187
143
2
376
621
991
66
520
35
939
839
257
193
92
330
148
281
823
591
851
692
33
208
389
631
160
996
944
836
988
808
830
114
526
553
887
619
374
713
202
125
342
634
397
218
339
212
698
389
343
867
290
736
891
414
720
242
680
986
396
552
908
303
170
732
430
717
200
731
367
917
288
154
44
805
512
862
318
622
8
387
607
30
320
456
93
29
8
181
910
293
493
628
448
995
569
204
441
759
931
546
916
928
12
56
331
686
921
325
945
22
981
72
162
615
881
47
45
342
919
882
52
972
953
738
412
773
873
554
537
559
245
642
219
24
402
722
746
1000
254
131
704
393
454
711
604
496
678
919
149
393
132
777
769
318
110
235
522
402
95
751
535
38
888
878
457
585
598
732
885
762
82
456
319
639
8
601
369
106
225
293
180
408
760
889
653
572
452
68
327
239
263
478
812
836
223
133
484
508
54
534
112
874
397
464
755
152
365
816
55
10
23
721
53
584
535
819
895
461
583
202
654
152
485
412
384
658
265
892
212
836
680
874
56
599
6
787
237
832
127
952
549
893
137
477
560
351
609
468
475
54
922
517
695
203
368
198
360
689
141
899
569
110
728
49
591
600
374
572
350
151
498
983
276
122
155
556
737
373
16
246
578
889
446
710
780
438
606
289
4
780
203
202
752
531
387
125
265
43
458
174
183
883
223
511
878
629
500
797
984
793
626
537
793
490
427
845
877
10
197
205
466
951
482
838
163
769
336
288
29
758
64
516
44
59
120
587
569
110
905
902
500
559
518
444
314
834
172
712
462
611
151
60
693
78
366
163
920
846
871
917
343
954
185
170
438
214
49
636
923
786
655
718
131
804
216
414
385
128
815
739
475
493
555
453
682
35
171
638
352
70
669
16
283
672
959
336
817
64
351
812
214
266
737
999
591
742
711
58
321
944
766
824
772
929
134
67
571
350
638
783
845
636
126
420
48
361
29
865
212
822
447
671
541
283
745
600
713
987
156
162
530
130
28
174
611
354
451
264
562
662
576
260
722
1000
557
581
351
597
777
39
505
414
276
746
505
882
185
411
778
456
368
979
778
800
133
188
446
436
638
719
608
903
37
685
245
863
790
851
966
871
722
169
372
341
692
993
859
408
264
751
300
287
801
533
748
78
116
691
891
449
64
375
809
288
43
998
625
535
510
60
42
308
507
55
94
701
639
583
15
361
951
420
374
768
178
196
968
395
483
944
373
608
382
939
320
373
745
49
556
607
804
366
14
109
906
861
358
498
828
575
203
14
488
837
934
548
228
791
482
926
196
822
747
475
339
176
167
188
259
823
649
425
130
120
814
784
968
755
645
456
716
421
414
522
902
923
197
285
529
385
399
681
862
548
197
244
146
590
648
372
279
811
809
94
78
803
228
755
289
192
499
997
44
280
75
538
518
610
134
33
400
124
37
101
80
446
806
656
364
463
229
506
3
132
294
14
547
280
83
79
112
889
416
220
304
871
990
64
247
985
600
355
834
912
626
869
578
443
262
383
746
316
896
17
118
347
958
141
158
432
783
727
119
182
495
548
869
832
932
731
99
620
369
776
756
673
288
303
658
498
248
513
930
374
69
14
106
306
193
852
916
159
901
203
563
697
475
969
451
150
449
426
817
606
581
754
853
395
160
543
180
981
849
662
394
231
427
962
177
587
575
525
108
571
951
554
595
418
281
877
691
19
405
771
354
75
535
21
21
417
17
740
454
799
353
762
860
923
781
852
677
424
579
208
665
573
394
290
687
271
875
469
890
143
68
355
246
59
543
379
573
652
89
545
485
343
730
974
671
141
296
337
55
763
222
303
169
543
346
193
846
950
658
481
491
890
106
543
878
640
894
403
472
521
143
375
692
646
620
599
171
718
255
929
98
116
72
40
497
330
247
946
506
529
803
317
380
93
531
718
981
167
424
724
824
33
775
366
923
396
494
702
992
349
726
767
369
232
853
882
850
15
322
236
930
438
58
953
947
595
114
766
963
152
263
990
542
72
294
800
600
73
127
144
614
848
883
691
752
142
570
194
101
635
122
541
750
765
900
117
545
915
308
213
273
488
283
95
408
355
1000
261
792
90
493
899
653
982
935
640
140
574
940
401
444
839
611
609
221
156
782
519
769
886
741
29
552
7
315
537
725
168
54
553
147
945
497
629
945
578
900
713
861
328
121
382
619
916
517
79
394
336
437
11
729
789
961
627
81
140
737
379
363
373
804
309
600
969
197
861
726
420
620
539
522
371
799
57
160
343
524
610
279
109
746
130
862
950
275
599
73
777
564
139
631
461
389
640
37
917
513
100
238
160
599
464
370
771
344
465
110
42
48
899
319
852
295
337
668
573
921
970
738
91
509
172
187
143
33
997
225
943
773
361
631
433
697
868
141
678
921
290
859
93
916
580
917
144
78
817
745
461
307
634
294
154
966
142
84
612
98
594
818
80
189
330
79
355
701
130
796
821
770
657
16
511
32
539
98
679
242
121
179
958
75
412
464
213
897
211
341
180
408
14
473
606
37
857
183
944
110
769
717
841
677
654
998
94
863
629
419
647
112
734
766
375
360
643
392
256
104
706
428
439
46
798
777
61
953
790
104
190
833
750
950
775
307
422
643
779
35
850
200
798
925
678
119
873
693
384
669
678
242
988
916
555
790
246
833
635
790
921
741
54
576
972
713
465
627
69
785
119
952
991
585
509
895
612
640
911
266
589
558
47
792
220
456
555
320
700
116
478
634
956
749
659
215
411
41
156
301
739
518
752
498
677
733
594
218
515
445
324
568
84
760
1000
997
163
143
394
625
826
334
329
840
211
878
540
763
291
892
857
217
102
482
505
695
218
794
297
267
831
739
429
959
589
348
638
294
506
32
488
597
227
89
569
258
893
185
846
458
325
515
254
701
772
430
124
475
516
932
836
791
452
451
824
250
615
203
810
194
44
825
566
633
353
374
227
128
824
908
22
1000
639
843
359
625
343
17
447
943
751
838
193
526
793
392
684
13
589
756
745
175
299
7
824
76
657
179
693
928
219
722
18
817
548
208
938
393
598
816
565
685
40
627
397
703
645
729
433
265
234
350
902
245
947
703
468
988
406
850
769
301
313
327
179
354
659
607
545
910
106
34
466
470
560
583
710
737
399
32
158
737
831
828
909
201
250
648
985
984
552
219
734
380
988
222
846
877
199
205
630
749
244
491
844
819
897
817
813
288
416
272
243
99
293
302
500
236
377
980
88
247
966
137
752
126
544
590
973
506
428
751
859
480
519
353
733
134
852
243
865
760
621
46
394
884
179
964
45
829
155
406
359
395
906
511
572
264
712
273
727
922
203
318
802
335
271
941
612
746
293
643
421
109
365
220
939
885
873
396
371
342
500
26
701
978
864
465
490
97
128
804
245
765
865
437
135
156
500
345
439
439
26
781
209
89
894
348
581
809
245
2
377
189
91
101
731
449
184
516
438
897
898
279
803
553
663
843
86
880
829
476
695
243
595
167
807
167
450
796
376
896
418
583
748
533
793
822
225
214
943
736
240
552
522
611
326
315
577
577
552
3
203
168
266
245
87
916
389
746
983
926
324
684
24
428
253
897
203
889
523
367
646
922
251
640
255
355
783
157
754
212
901
817
821
290
866
575
426
428
198
935
735
847
25
405
925
635
829
798
304
941
957
935
705
338
557
103
922
200
977
257
780
100
294
581
129
208
565
125
812
910
249
319
964
876
191
209
1
799
520
137
641
130
244
617
494
168
939
613
326
118
605
6
329
378
657
214
586
868
717
526
660
829
907
388
756
483
74
372
863
768
274
151
928
304
253
950
786
461
327
137
318
798
901
191
346
889
6
65
30
131
61
699
613
375
217
978
476
606
761
235
288
307
882
561
127
288
855
945
804
496
467
913
270
166
910
701
13
235
582
563
295
574
778
162
483
131
205
296
725
286
566
350
751
408
671
76
394
375
137
972
247
38
362
911
811
154
839
715
739
752
358
672
351
25
559
825
196
717
171
640
992
617
394
386
19
539
625
680
378
37
631
521
89
52
269
651
910
480
650
409
673
139
525
758
983
19
910
822
755
398
558
828
596
875
533
414
29
48
202
103
445
650
440
948
460
256
281
839
929
617
686
904
424
924
406
555
146
182
43
93
661
309
939
429
708
615
91
716
271
183
493
40
135
849
136
271
446
877
211
567
771
7
276
91
382
833
550
737
698
8
634
387
457
496
638
682
382
220
263
116
905
194
345
607
345
63
86
369
576
69
303
706
816
600
930
785
712
452
560
294
919
392
218
416
54
938
514
874
341
667
970
386
193
820
558
603
316
377
460
666
986
342
985
241
958
593
965
337
450
654
279
91
219
737
445
773
191
431
800
946
260
854
307
220
516
194
877
667
711
388
884
969
233
863
509
35
22
82
332
110
404
427
902
663
439
741
556
548
541
549
162
913
211
817
215
459
941
37
989
713
500
769
854
820
842
956
977
522
264
649
37
880
651
34
675
318
281
325
994
979
410
810
758
125
744
153
503
544
8
988
33
25
695
429
134
370
255
769
918
452
687
813
356
311
702
597
616
704
554
440
304
275
560
459
886
442
85
708
449
86
873
135
405
241
96
175
557
689
940
529
771
678
411
432
182
885
149
219
473
273
354
155
148
272
260
141
434
673
957
131
628
149
42
287
429
211
573
10
914
383
756
277
255
712
425
68
669
340
424
85
284
281
970
711
93
667
112
426
242
339
224
553
460
449
581
668
750
584
824
747
498
347
162
350
438
112
997
300
597
553
912
24
434
327
995
403
362
601
381
948
39
751
674
619
213
56
134
582
363
935
720
165
89
944
307
637
524
199
806
448
649
695
760
324
872
154
157
441
95
528
894
846
28
948
405
146
228
522
92
666
217
80
891
854
501
373
799
67
66
125
590
893
558
480
375
464
883
973
157
931
761
29
743
175
803
150
281
637
980
888
308
943
969
746
147
34
609
533
195
565
740
485
600
377
527
309
558
274
542
762
22
121
540
837
528
5
101
866
56
651
334
59
216
449
852
577
713
550
544
724
566
542
10
27
101
369
87
129
7
467
476
657
180
199
422
991
723
420
819
390
383
722
484
448
649
144
292
136
22
45
707
747
57
655
619
696
148
150
690
413
767
593
706
655
985
352
434
308
82
243
817
680
377
694
996
672
348
751
267
456
327
622
98
183
923
829
835
344
372
829
223
512
497
194
769
498
293
438
945
235
658
995
509
683
698
265
437
915
585
288
829
404
544
950
218
732
95
433
306
923
317
406
629
568
963
238
530
326
782
245
709
488
874
571
54
873
943
13
826
635
267
707
880
717
429
5
446
179
965
458
44
379
805
370
327
427
60
951
14
383
14
389
409
457
138
310
306
632
712
338
960
135
756
707
655
276
547
192
39
264
916
768
251
883
353
334
927
645
55
163
196
612
448
21
434
179
552
565
745
605
914
461
230
602
59
392
94
495
233
79
423
794
412
440
951
123
138
564
694
235
63
524
393
174
458
20
654
983
519
698
351
741
127
406
242
738
368
510
815
267
907
584
136
182
199
684
957
870
549
172
965
710
206
446
901
210
581
851
20
618
762
917
951
775
129
637
450
623
938
485
348
689
625
708
119
8
425
801
366
90
13
102
798
235
154
42
776
814
644
977
27
641
29
288
735
600
732
999
583
430
766
270
168
39
586
145
448
581
658
523
917
159
34
97
563
21
55
27
88
496
325
956
657
885
637
688
598
45
590
979
62
410
653
36
591
989
310
875
33
278
838
109
243
390
329
271
264
400
214
569
228
808
35
756
324
379
450
619
642
558
106
603
907
898
82
568
930
761
753
47
600
245
10
310
300
71
144
197
455
200
673
733
990
442
81
310
379
992
342
170
554
868
477
265
918
972
312
635
540
168
953
398
202
54
8
715
197
786
766
856
211
855
317
666
267
276
835
594
376
379
786
917
42
557
832
242
305
997
100
539
703
577
614
113
268
114
516
8
322
841
757
400
926
787
152
956
603
801
282
832
148
602
432
444
465
802
34
445
209
912
906
893
521
716
341
526
220
273
750
788
533
433
563
597
838
705
632
547
823
986
292
497
611
305
489
649
596
101
181
787
147
879
269
821
63
710
929
632
610
937
409
27
126
32
692
842
953
140
161
951
973
260
30
413
408
67
240
437
91
985
633
627
500
787
889
181
412
541
197
605
277
635
860
341
679
348
14
528
645
38
685
117
779
735
757
947
676
437
297
420
629
705
81
902
841
875
354
598
859
376
338
567
205
766
277
788
219
99
282
374
229
524
404
459
1000
763
354
326
330
224
249
857
40
417
95
817
832
168
373
819
835
370
321
265
452
279
894
578
850
737
32
773
426
276
341
943
960
36
911
944
277
516
990
920
21
765
891
119
180
664
931
428
61
127
316
993
355
425
754
424
803
620
747
537
609
83
590
855
813
624
452
144
354
310
984
729
732
653
426
366
959
84
688
349
728
801
682
993
281
262
227
374
676
413
64
502
556
41
715
732
102
665
967
432
310
942
696
911
383
372
122
446
288
419
230
828
233
130
19
792
813
824
913
856
463
170
165
96
754
109
839
924
134
316
567
849
293
333
545
462
581
750
924
514
540
319
29
9
788
995
641
309
288
834
309
306
287
698
491
524
589
201
247
324
338
624
898
587
192
143
715
914
339
614
786
875
371
925
897
23
753
934
543
547
814
899
39
966
389
742
550
338
82
808
284
236
72
763
657
856
239
756
4
530
924
497
372
861
711
654
75
615
101
28
961
139
622
825
491
366
310
231
371
748
174
55
238
433
301
375
158
347
407
738
235
560
952
25
745
845
74
708
537
867
963
618
966
994
969
244
318
403
480
813
178
450
267
453
10
937
612
777
845
198
762
361
623
300
635
177
233
74
20
804
264
517
419
691
211
994
407
9
125
295
49
672
530
988
515
394
475
569
582
420
809
697
934
666
317
170
249
177
64
170
292
337
382
732
652
550
582
117
824
758
358
73
453
195
699
960
601
983
306
336
964
472
384
920
687
58
330
391
864
190
332
805
998
35
854
538
478
795
396
443
559
814
136
837
567
688
706
822
416
137
150
30
35
421
573
985
99
86
538
329
91
293
934
885
724
552
754
528
807
943
774
1000
803
723
677
909
567
950
219
490
426
545
591
379
612
883
262
246
558
116
80
673
507
713
262
363
176
813
115
819
476
983
170
216
212
309
96
935
375
252
861
815
737
346
955
749
865
928
985
606
437
908
903
844
235
64
962
143
199
849
567
557
582
197
240
792
599
2
314
127
783
601
758
968
856
763
283
104
23
429
106
300
713
893
964
835
778
182
621
24
222
688
276
565
19
772
612
223
992
825
915
362
907
870
472
894
813
286
469
987
94
422
920
594
561
325
964
829
8
522
772
517
965
490
740
994
632
996
580
677
105
505
808
733
393
191
155
15
602
452
828
870
201
205
81
185
509
127
761
178
645
919
36
584
24
146
648
267
669
231
93
438
202
820
686
2
16
607
680
849
37
704
817
721
808
242
129
862
227
441
495
28
107
589
747
489
44
748
53
355
143
431
253
214
764
746
703
424
681
767
104
842
966
408
438
698
462
468
565
606
599
610
985
259
488
795
273
903
978
215
784
896
223
927
711
625
437
475
533
882
411
17
186
801
418
409
887
248
198
1000
819
920
860
10
579
32
535
759
341
706
16
841
804
601
751
739
336
240
261
295
700
596
498
52
647
152
328
38
845
272
412
639
192
150
968
648
371
921
311
252
722
116
43
629
866
339
166
317
958
948
433
20
168
205
957
530
479
163
931
668
668
109
906
267
949
702
874
725
150
950
701
594
158
994
602
756
68
185
149
97
563
789
172
435
421
436
345
115
718
440
895
493
337
317
771
724
582
916
385
293
108
932
433
594
956
97
348
73
552
800
540
160
242
787
38
387
58
844
435
668
490
606
601
240
794
699
86
933
790
477
965
603
870
585
675
502
628
357
477
929
72
657
72
386
924
160
113
672
797
440
919
946
855
31
740
816
261
366
838
908
754
747
62
950
107
155
785
195
797
230
581
429
520
530
806
265
691
543
312
472
54
143
294
586
429
28
718
27
508
900
671
847
149
262
446
247
866
798
330
632
315
456
911
331
630
194
906
742
396
232
561
65
857
582
302
427
823
267
72
27
825
86
830
514
94
347
694
900
380
926
875
652
443
321
556
748
723
240
581
350
784
300
564
53
936
211
9
340
919
683
62
638
213
404
897
865
125
24
811
510
293
808
72
137
524
265
271
560
278
448
423
786
350
208
741
237
472
725
114
948
563
107
428
480
891
514
777
179
811
62
721
666
494
92
408
909
503
174
592
915
866
80
315
398
880
401
40
598
212
434
499
580
688
613
440
760
940
358
542
547
340
260
220
898
110
650
256
389
625
304
439
633
376
890
178
507
928
298
901
929
178
573
925
699
671
239
411
46
809
753
941
169
569
435
866
337
316
84
253
657
112
8
129
367
193
12
709
642
515
45
976
228
695
896
913
620
1000
253
897
461
105
516
953
984
902
651
774
710
936
882
678
807
64
36
988
492
359
400
256
19
575
674
204
615
21
771
502
13
955
966
327
427
568
873
620
269
176
184
604
970
761
875
106
361
278
877
450
516
303
710
258
685
699
615
888
218
325
916
660
67
504
121
827
229
159
448
852
848
51
406
181
43
298
192
246
608
123
463
256
296
160
294
4
605
511
866
39
95
419
627
313
967
622
423
730
261
20
398
776
728
876
7
61
607
204
718
309
904
819
269
130
770
885
86
491
806
595
495
221
895
684
314
327
201
897
360
149
995
289
972
923
47
379
357
395
760
733
534
594
136
873
721
764
351
384
762
435
32
935
347
53
705
930
284
661
87
914
346
317
932
950
56
446
669
794
514
89
947
598
509
725
803
692
179
570
132
525
317
444
943
443
750
531
422
931
965
680
993
823
245
776
195
653
20
42
327
760
764
724
718
343
836
475
348
252
270
852
585
895
439
308
971
551
89
55
249
48
456
680
23
420
963
822
715
3
413
241
761
989
680
82
795
860
447
725
500
337
495
252
401
131
402
926
65
367
868
262
747
902
676
946
588
602
678
926
1
297
724
263
599
559
172
515
10
65
473
797
606
874
824
534
471
260
437
141
417
337
805
547
389
767
901
397
357
942
579
820
496
192
172
79
29
512
623
296
950
891
719
632
113
931
405
766
117
115
916
341
768
396
12
72
243
112
735
261
970
483
386
466
839
245
407
827
306
482
739
13
441
411
218
103
867
694
804
618
389
642
357
836
972
541
157
925
945
267
261
597
81
450
430
658
898
365
584
682
687
899
398
963
754
315
584
918
568
233
534
705
117
816
50
315
812
99
409
38
293
588
857
408
909
631
281
959
704
494
25
160
884
460
78
795
687
562
862
207
328
265
934
321
380
822
861
845
65
90
13
337
634
963
305
880
275
646
278
493
314
251
533
97
468
483
750
707
621
318
414
825
229
815
347
666
272
818
834
532
896
96
445
433
77
632
442
981
476
935
693
84
563
159
542
883
877
903
836
843
356
757
685
858
945
244
398
631
712
749
450
549
230
549
553
172
918
764
331
201
726
459
254
248
968
726
970
835
276
678
513
396
694
44
481
57
998
487
738
488
849
593
444
465
415
302
668
939
749
556
835
97
617
236
363
374
355
1
894
534
130
93
939
327
66
610
398
362
608
850
439
969
932
395
389
872
592
528
718
270
992
796
46
492
153
944
276
613
827
349
759
234
498
462
28
409
878
743
322
720
402
6
576
713
640
16
541
647
574
664
254
741
374
1000
669
677
726
146
148
659
788
123
344
936
186
859
139
312
473
225
685
465
215
117
635
398
448
37
860
552
468
147
735
913
826
801
55
910
972
352
394
649
690
714
684
387
760
641
844
931
287
456
459
549
941
531
320
955
789
36
308
830
221
409
597
975
89
37
221
799
735
963
361
210
28
329
650
483
849
317
923
976
712
106
398
87
678
441
467
958
684
760
954
48
598
364
879
430
452
367
504
996
408
748
611
670
578
974
568
381
588
920
40
672
518
564
380
479
629
695
348
178
394
31
70
421
996
782
40
726
760
794
646
449
506
651
222
6
538
651
601
505
933
980
1000
143
943
517
797
22
983
587
26
55
228
928
679
927
259
8
287
510
934
166
508
259
340
877
79
764
323
991
399
627
141
46
868
172
274
905
61
998
350
691
489
896
977
102
995
173
421
142
146
14
736
934
274
530
574
480
795
925
506
339
639
985
635
876
241
590
454
980
878
328
386
215
75
3
732
833
171
402
529
424
815
796
903
221
550
544
534
918
752
16
994
46
528
227
409
122
231
263
275
26
228
111
380
408
935
196
226
215
887
740
452
343
302
139
733
433
87
656
804
600
751
413
355
450
64
727
550
126
607
644
827
496
437
91
142
492
51
624
833
97
402
861
462
882
496
485
382
639
261
878
483
719
605
362
305
482
713
449
759
353
145
789
803
993
961
248
801
976
456
615
525
448
107
937
505
792
811
742
10
264
718
567
194
767
101
240
367
620
850
55
655
392
469
680
761
920
984
555
676
135
383
328
187
125
963
558
302
759
894
125
337
70
809
771
375
502
231
565
502
164
360
920
163
257
382
69
498
229
132
681
664
150
707
953
115
758
539
648
513
382
673
233
216
17
244
86
716
500
277
228
632
74
985
157
99
994
579
715
837
720
575
65
400
12
809
376
641
724
106
423
42
974
30
67
597
219
225
200
302
431
791
155
776
666
944
783
242
911
358
987
258
98
952
377
552
724
970
482
622
749
67
928
237
609
868
170
150
4
121
154
770
914
70
393
6
639
663
874
155
780
858
548
951
288
670
295
309
858
492
347
768
779
75
267
486
616
1
947
530
760
665
217
440
680
945
890
479
578
737
749
20
875
354
136
492
92
495
53
398
691
460
757
296
906
742
700
170
287
75
570
134
740
326
904
793
760
116
530
628
484
175
702
511
482
486
339
89
690
26
239
93
433
439
915
291
524
93
979
95
119
198
172
62
11
476
120
495
107
55
188
888
521
336
290
779
521
616
682
346
357
755
876
597
105
605
595
321
112
923
189
857
671
974
869
706
149
240
704
442
916
106
928
714
288
54
386
384
250
371
931
297
329
366
457
727
608
768
568
762
172
952
151
879
721
91
366
410
569
203
620
415
436
683
698
546
679
939
430
354
268
657
146
94
867
493
778
297
890
263
18
35
641
943
640
217
974
859
403
885
540
210
650
490
634
503
149
900
47
388
516
17
329
36
461
47
947
985
692
213
617
684
779
101
623
687
11
452
626
551
85
205
694
878
775
181
21
456
867
535
491
169
333
157
279
287
651
262
913
80
923
670
453
357
883
142
283
185
781
772
933
690
190
882
902
639
672
663
671
912
703
811
821
602
170
980
737
170
734
879
423
932
317
957
413
116
902
166
799
689
15
307
296
708
82
51
96
802
273
985
134
817
911
320
686
68
712
590
630
756
914
176
480
566
283
120
785
481
191
920
642
406
375
544
799
436
949
310
394
760
175
878
178
147
891
317
934
737
627
579
711
745
409
257
791
586
734
900
875
41
518
553
413
547
460
208
535
207
355
703
230
449
736
200
356
69
474
988
488
482
104
462
972
677
706
159
565
349
579
70
457
739
274
432
986
55
349
81
27
855
857
768
343
530
158
146
505
123
801
377
294
66
201
118
107
196
846
690
930
869
578
487
452
483
921
904
623
68
855
150
79
200
781
885
414
292
389
903
224
936
478
305
918
787
528
486
309
252
957
229
971
704
523
507
103
876
243
3
611
841
723
135
277
788
202
919
910
912
76
872
181
625
225
96
23
538
920
272
192
296
782
99
23
983
540
821
351
700
155
387
920
18
982
457
582
19
303
488
496
584
295
300
57
801
278
149
223
219
496
278
943
73
175
773
739
391
705
789
344
978
895
850
583
277
988
915
481
578
512
147
782
669
46
590
344
146
117
573
49
923
910
130
294
487
304
838
528
182
626
356
969
566
935
409
83
594
709
802
712
516
447
764
477
88
772
253
931
91
903
699
476
214
47
988
728
109
155
832
605
588
429
556
992
567
652
266
371
83
662
754
6
689
24
903
313
116
266
654
260
74
590
572
49
998
214
471
195
958
639
594
59
336
253
479
620
694
434
558
41
255
406
494
418
694
412
113
222
9
857
879
637
117
703
632
678
783
890
883
515
263
283
739
451
156
890
856
937
550
524
799
178
701
973
714
798
34
966
201
47
612
697
413
593
705
760
662
517
893
969
906
646
732
401
359
989
636
153
825
855
584
440
183
245
598
199
42
190
702
623
90
588
442
616
53
986
3
124
22
689
867
730
585
534
226
977
250
311
694
941
716
239
988
699
502
325
125
976
25
17
718
903
722
181
692
85
966
946
891
542
332
498
349
435
804
745
170
442
658
824
294
724
384
841
852
292
412
18
963
483
826
839
146
21
319
602
3
305
673
577
364
834
35
531
50
778
118
930
446
226
428
10
179
687
43
513
768
289
266
429
199
875
756
561
426
691
242
731
679
417
961
510
227
328
316
137
399
649
593
896
519
320
330
355
287
626
601
592
40
566
465
963
131
486
509
305
726
656
327
324
699
731
595
784
514
969
104
706
616
151
771
291
714
325
129
344
207
694
270
889
755
758
645
308
115
589
572
334
853
893
445
504
37
663
526
456
874
269
784
676
594
830
512
831
564
211
665
866
977
958
824
135
10
940
416
396
332
403
534
761
124
744
458
414
445
409
109
190
624
736
722
479
112
395
380
856
552
434
737
385
934
917
727
608
951
201
487
317
645
591
222
989
988
829
722
818
162
590
689
825
158
568
246
661
980
762
378
77
564
493
839
438
174
587
603
735
931
358
457
8
17
589
391
651
7
821
447
398
612
943
505
363
329
930
49
587
439
743
160
275
59
440
12
895
268
691
631
366
165
504
448
220
786
852
150
906
524
51
787
34
974
12
761
849
298
151
954
556
670
716
557
623
43
880
771
11
887
737
496
351
138
44
566
251
739
144
924
373
448
658
946
757
812
109
885
514
820
530
244
981
642
107
161
739
373
91
413
670
230
373
284
473
708
747
248
320
1000
359
545
930
997
557
90
192
851
932
396
104
402
493
569
909
402
42
807
213
556
526
255
965
610
226
480
454
884
123
302
575
991
75
375
245
466
404
792
814
823
838
409
461
303
538
147
34
457
822
64
298
280
866
870
474
896
320
284
690
26
379
905
429
229
420
139
63
659
348
486
958
146
676
77
726
528
440
923
93
108
294
201
612
983
784
979
4
799
679
217
210
760
311
990
694
426
95
794
646
55
911
326
683
77
581
8
844
340
982
459
377
864
463
359
638
650
523
32
181
532
307
97
35
887
548
922
115
234
48
861
923
705
250
182
93
218
492
846
363
944
916
284
617
239
552
338
89
633
812
176
20
701
540
62
663
816
958
24
420
499
627
698
897
493
954
95
589
963
817
30
58
675
454
639
788
661
335
447
133
113
97
720
751
167
275
637
134
824
359
35
329
925
250
416
536
532
985
195
151
372
222
940
493
649
553
521
621
75
917
232
713
824
44
681
824
12
135
899
762
659
242
812
350
979
851
397
891
606
402
768
675
248
854
628
744
856
636
981
141
429
706
542
22
92
386
420
973
212
477
779
861
80
598
486
843
20
404
593
85
301
890
480
470
866
681
505
695
749
144
842
689
632
189
408
294
247
120
709
443
420
301
424
440
287
750
495
448
233
163
838
458
728
46
700
928
142
413
15
11
763
357
133
239
761
604
209
308
617
137
726
306
24
309
297
719
609
774
844
808
347
811
919
35
680
429
303
141
393
156
457
849
437
571
495
798
576
553
1
562
181
517
573
943
904
114
961
228
629
131
655
283
888
608
128
847
704
722
715
430
914
862
745
745
454
17
128
577
687
548
874
404
539
427
66
315
42
574
605
971
978
842
212
712
520
247
636
667
710
464
287
722
167
970
778
839
624
217
868
391
317
510
369
734
91
321
195
938
158
622
928
202
509
890
565
215
225
300
9
264
892
697
693
257
238
551
198
702
801
645
999
572
773
739
145
824
34
635
141
288
771
653
484
659
684
420
140
212
996
701
989
493
445
940
737
571
779
93
336
86
270
419
969
208
456
736
67
431
176
59
577
762
406
793
228
576
867
345
764
79
896
38
506
162
697
20
816
442
102
277
671
515
466
711
184
656
551
761
609
291
409
964
679
207
434
16
665
329
724
231
540
490
636
99
674
819
652
149
869
275
90
970
153
822
698
905
4
769
216
184
684
847
211
334
908
627
472
928
631
736
188
698
625
809
953
280
490
122
836
541
252
79
190
577
493
220
674
713
478
618
378
809
694
551
855
611
239
162
837
856
89
496
619
645
304
390
67
99
545
327
655
705
261
135
846
249
434
832
204
730
825
380
729
195
699
327
995
139
448
186
97
666
14
639
41
322
848
933
827
610
871
572
881
712
708
586
252
595
344
634
46
290
87
232
513
528
511
529
622
778
939
971
8
244
730
426
166
694
465
289
779
73
702
819
522
379
852
744
505
519
90
609
44
249
429
260
808
193
364
523
723
586
573
270
206
552
876
234
740
167
657
800
154
73
534
665
186
884
11
618
622
617
7
770
986
46
865
215
206
286
881
870
79
77
538
190
454
805
56
423
104
527
994
419
257
19
496
722
311
75
685
140
131
64
150
842
488
877
113
347
594
511
275
598
751
983
740
882
676
960
132
829
835
101
620
901
639
256
570
489
980
581
59
902
916
777
658
837
866
945
588
302
95
537
465
570
459
660
356
668
895
415
126
313
78
679
967
807
416
342
61
259
244
61
350
849
17
313
922
829
55
117
551
46
746
235
124
986
78
911
518
259
190
602
965
758
995
179
15
686
756
95
247
778
166
504
831
501
809
604
600
806
608
893
961
415
291
748
369
969
714
331
182
853
628
441
388
304
568
325
186
976
182
518
377
343
310
913
280
212
492
600
115
314
805
952
479
468
174
287
685
17
939
824
443
270
820
442
838
463
111
350
334
171
615
242
860
799
399
89
378
902
974
276
598
293
858
286
624
250
687
450
799
475
677
976
839
61
381
965
43
531
629
129
893
719
698
720
598
371
216
42
392
313
686
631
156
513
935
4
949
506
777
848
391
32
207
762
556
101
297
817
91
263
748
316
713
468
104
79
22
632
21
703
759
915
459
486
48
890
15
913
462
265
206
44
178
292
581
680
417
143
87
809
353
181
119
552
645
437
45
661
76
351
668
471
680
792
352
254
957
69
499
695
293
228
331
916
403
215
139
990
853
50
154
315
103
882
562
282
685
613
26
134
969
892
37
380
135
244
435
63
27
47
156
724
634
118
157
876
402
184
379
443
690
881
931
437
666
387
196
60
381
802
53
835
832
858
468
673
236
80
779
80
946
787
251
405
385
38
133
385
208
139
609
630
868
198
33
759
717
424
47
429
127
323
72
704
715
804
692
825
176
276
668
940
854
861
255
307
359
749
878
582
146
648
773
939
415
743
652
511
17
562
618
342
584
606
970
813
776
824
923
672
763
468
410
859
898
810
830
32
359
670
533
297
542
141
112
293
802
502
114
933
277
551
57
769
466
738
323
215
802
498
489
33
928
784
108
752
725
961
91
30
498
217
203
894
943
429
572
831
232
433
688
777
658
193
450
288
713
321
391
122
448
125
193
964
965
445
794
780
384
275
907
555
802
881
921
282
46
665
154
602
21
358
301
867
490
841
609
960
934
521
832
738
664
654
910
27
427
517
688
644
254
407
696
417
792
796
978
472
739
580
626
630
531
260
954
291
290
712
622
667
490
410
541
837
385
942
124
74
832
388
802
427
643
831
55
61
680
891
647
408
420
637
619
898
32
301
558
954
322
569
656
954
25
654
39
860
881
353
679
836
697
206
248
682
168
48
931
71
436
489
633
261
436
228
817
884
512
996
902
689
419
750
361
119
735
863
966
93
375
566
766
451
941
411
691
47
311
77
63
771
10
927
667
521
212
268
744
346
652
422
224
320
731
516
243
714
657
882
948
18
36
25
519
30
26
221
711
358
479
163
487
958
915
726
917
587
858
113
222
838
593
607
715
609
995
332
631
174
479
590
671
285
795
453
173
644
841
625
178
7
25
333
803
191
24
564
969
821
479
186
566
446
110
749
928
836
718
122
935
956
599
28
22
369
107
988
398
992
598
299
897
67
600
214
908
624
991
631
934
298
444
139
889
335
344
240
665
319
419
939
974
803
872
611
625
119
477
119
608
248
209
149
588
546
857
988
655
344
376
118
135
360
239
892
261
100
204
705
332
476
496
238
536
230
529
874
444
142
192
229
335
193
712
490
84
614
810
155
289
775
33
463
351
71
548
29
558
407
187
185
847
679
408
392
88
954
795
724
860
367
441
538
826
617
533
275
953
766
992
390
288
41
924
421
628
940
886
593
465
89
102
846
80
995
654
830
743
245
925
211
576
212
904
884
897
648
265
122
137
801
269
567
142
118
32
279
417
695
829
238
49
429
356
67
834
695
168
655
415
960
959
68
450
57
715
362
307
193
294
928
5
47
466
234
42
149
708
809
612
599
989
548
990
270
110
829
649
483
93
946
623
365
444
164
582
367
463
47
39
577
164
60
587
752
758
228
948
979
916
18
966
662
11
717
335
362
314
378
916
561
184
616
551
22
853
368
351
809
452
184
72
108
578
628
135
2
315
570
622
61
549
571
524
560
49
558
92
417
772
476
189
971
385
679
870
631
158
14
35
861
761
643
263
490
859
337
124
214
839
561
810
382
343
659
964
60
255
410
913
261
909
77
74
691
31
612
567
710
729
648
37
328
665
972
920
834
312
93
188
166
6
171
248
275
38
917
365
334
548
685
705
184
62
646
656
202
714
312
310
317
986
447
49
120
84
639
194
43
935
706
260
820
989
505
246
232
426
599
526
942
245
837
5
997
840
830
208
286
406
403
144
784
684
44
946
509
312
383
481
971
15
298
32
128
978
743
421
596
441
922
523
528
179
701
369
971
184
992
220
751
834
638
227
975
63
721
793
279
445
423
559
606
570
920
509
293
714
706
853
729
666
456
232
336
458
451
629
256
497
599
578
331
750
641
715
136
844
556
459
900
684
620
590
806
470
142
636
262
705
67
444
3
795
528
539
499
185
292
248
423
126
377
307
381
117
83
522
741
598
436
787
676
592
975
241
579
829
80
72
924
57
17
553
692
826
666
743
30
969
750
990
794
641
520
174
693
570
203
469
194
115
642
354
704
385
750
227
200
813
355
612
150
84
268
823
750
402
164
156
909
64
642
93
286
276
133
896
557
759
405
966
529
548
491
130
628
842
894
735
862
503
582
220
443
351
730
574
570
875
739
370
135
783
617
502
437
466
976
504
585
404
968
831
255
306
670
109
939
99
115
617
414
350
171
131
824
466
263
333
811
9
309
705
952
214
744
383
235
715
385
91
16
292
108
81
221
938
627
913
786
584
437
156
766
761
234
499
884
163
326
868
765
748
757
722
768
62
772
651
897
982
868
393
31
91
751
755
257
373
301
281
53
925
808
196
319
404
960
646
74
426
560
811
642
466
51
49
127
815
157
842
670
826
264
306
570
132
375
882
477
592
594
71
709
457
681
927
193
586
582
744
170
632
597
66
713
688
802
222
921
82
419
43
192
457
911
702
211
69
852
596
670
4
921
257
369
816
181
293
996
5
759
507
614
54
843
617
154
341
110
358
850
687
674
39
404
849
532
366
481
544
609
778
624
22
384
1000
78
758
63
627
249
460
758
31
572
365
83
442
356
505
799
496
739
632
941
638
111
902
560
48
993
770
671
95
295
532
5
866
745
135
863
933
429
642
296
826
407
46
86
368
186
628
575
989
862
417
439
532
64
935
100
190
644
118
559
319
190
718
337
848
340
731
553
32
558
164
675
22
252
730
757
658
921
335
151
231
498
171
566
993
884
806
885
711
236
962
135
78
419
306
437
345
697
371
795
37
980
40
554
75
170
724
674
784
635
556
165
342
132
519
655
553
542
754
265
273
604
343
890
504
628
454
551
757
727
57
979
20
119
875
986
735
762
845
320
107
656
91
804
699
208
648
264
852
237
38
464
153
549
330
248
12
620
720
985
700
17
654
627
145
315
667
491
594
111
981
577
375
234
932
53
371
599
323
508
313
89
490
981
569
777
720
379
90
150
87
70
647
830
772
310
359
590
526
371
406
707
409
848
582
209
181
433
481
955
61
822
394
301
278
384
878
900
183
567
186
941
870
932
731
123
978
349
407
560
870
984
895
199
321
721
707
174
584
709
227
447
651
953
599
160
541
816
768
672
426
193
702
688
534
824
173
866
627
81
694
311
330
878
363
236
648
400
825
5
226
205
421
796
523
617
813
230
213
86
345
50
499
559
403
478
384
752
991
804
403
781
785
549
125
262
835
883
813
6
299
853
87
556
732
112
84
467
212
204
569
233
924
586
781
501
577
976
786
982
546
363
450
298
938
899
190
787
478
592
394
349
595
258
544
219
305
518
546
285
579
816
449
705
592
350
458
596
563
853
127
716
997
155
52
306
192
245
652
923
427
827
788
291
903
852
321
620
768
374
158
964
487
680
954
972
580
764
746
163
590
276
497
193
383
319
91
855
715
978
414
975
397
81
719
115
101
403
212
824
683
777
895
414
667
214
236
198
593
849
319
742
555
653
634
390
696
566
982
154
421
137
644
501
564
166
987
567
58
232
102
749
300
850
114
870
955
261
71
772
235
327
308
688
64
346
636
499
681
582
329
309
127
50
228
881
946
815
628
562
469
65
936
774
531
79
521
26
407
588
640
842
760
645
528
253
85
21
582
293
908
174
679
622
248
214
147
258
63
377
716
17
591
649
661
608
107
556
3
366
831
248
564
826
267
747
347
182
558
994
589
51
4
928
539
184
528
442
61
967
341
250
136
654
554
587
581
170
39
73
367
145
462
995
645
510
467
861
557
430
255
757
244
451
455
207
417
505
571
447
484
710
740
549
804
506
963
208
843
861
314
578
143
74
247
555
376
129
385
92
471
693
514
109
961
891
703
385
660
548
419
633
14
151
139
699
990
122
715
261
14
185
849
689
725
190
446
602
29
212
296
478
975
639
441
845
108
252
578
851
860
785
929
410
232
571
303
388
650
387
66
120
219
656
867
384
211
691
208
832
81
903
680
228
836
800
892
840
652
903
295
316
546
396
953
863
148
612
558
965
49
585
23
467
70
881
798
951
653
397
606
439
802
26
406
376
862
383
510
868
830
362
120
192
522
441
837
185
440
488
664
839
142
943
106
597
552
356
372
131
21
509
194
352
184
123
675
207
271
898
535
163
143
336
559
971
979
870
628
276
872
797
257
107
51
311
643
769
745
922
496
432
980
765
381
907
406
336
662
987
777
395
851
276
768
639
344
202
862
254
900
11
273
178
457
625
41
530
588
675
792
779
739
6
324
564
732
509
982
739
707
402
897
261
774
671
518
253
674
251
250
230
437
760
877
350
170
689
836
201
800
540
495
661
179
198
181
48
951
68
543
909
973
872
51
170
462
659
806
663
33
939
784
949
592
435
664
473
816
701
305
421
77
226
292
999
327
125
381
425
395
133
26
224
742
880
82
7
679
96
415
752
728
44
616
930
428
681
116
838
978
727
169
692
598
45
628
713
317
5
921
372
3
438
266
21
513
140
756
906
472
131
788
606
207
574
179
686
640
998
828
889
946
516
384
551
574
476
257
441
204
1
50
109
560
783
972
133
185
553
407
35
463
657
678
334
84
160
717
111
57
585
183
507
84
739
394
182
353
135
189
79
304
934
263
308
631
2
825
105
826
166
30
57
123
262
433
932
269
995
347
426
681
276
627
569
868
612
817
634
374
920
260
19
668
529
500
192
767
443
680
859
921
811
683
532
779
148
336
693
648
259
247
141
705
181
848
731
170
813
397
63
937
267
704
885
126
414
682
586
698
906
166
490
715
890
499
328
137
203
831
712
70
521
896
53
156
648
52
516
847
909
952
293
246
721
78
245
992
324
569
65
405
594
801
744
579
63
388
371
142
808
47
683
412
383
663
36
917
875
974
425
525
888
404
443
542
533
570
561
780
423
560
537
714
299
230
795
17
483
579
264
895
318
544
16
760
358
789
779
875
825
219
652
395
207
510
309
888
732
368
617
471
591
595
40
124
72
745
954
971
480
822
440
303
839
688
439
292
165
716
708
860
699
901
946
554
57
452
429
590
383
223
902
227
324
378
85
664
190
146
980
94
822
19
411
179
388
128
31
694
955
333
659
117
298
844
999
99
742
135
661
116
797
906
748
62
1
260
832
36
217
950
574
649
30
591
174
76
767
936
232
238
598
327
163
847
617
182
842
147
186
325
105
16
168
694
415
537
934
566
763
739
533
619
211
533
243
432
914
176
191
238
856
935
109
390
69
605
591
161
626
895
602
655
242
108
428
655
795
353
761
574
469
992
207
419
790
668
33
927
603
363
600
777
429
222
638
950
689
224
609
485
818
125
112
742
306
96
588
381
458
376
977
315
76
553
93
983
613
7
593
384
653
401
298
777
854
26
152
799
875
317
988
996
652
753
205
721
98
172
313
902
303
519
274
765
251
825
867
764
137
656
317
553
284
682
888
425
320
363
241
501
175
49
690
305
638
447
776
336
923
457
246
991
300
212
738
593
795
950
828
597
55
458
503
135
969
305
860
660
234
820
801
694
432
909
535
888
232
258
740
946
136
713
91
841
142
742
752
768
917
56
134
108
535
355
622
539
176
304
489
726
396
811
823
792
247
615
919
895
280
494
712
846
660
454
664
318
959
903
659
275
713
470
449
772
279
137
842
932
450
19
8
870
486
336
622
452
43
13
153
617
20
95
828
511
336
386
448
25
815
687
369
381
472
215
400
309
94
77
943
915
385
188
841
43
249
229
428
951
50
776
247
630
134
509
240
598
872
958
312
439
613
492
703
37
95
749
239
137
251
144
918
724
928
930
202
96
131
95
19
800
706
743
670
524
885
68
920
937
304
14
36
868
399
615
761
607
158
8
637
808
49
224
220
499
544
399
132
189
830
275
887
283
407
442
505
127
694
320
393
6
841
675
466
750
788
410
150
867
503
216
575
748
817
844
174
381
30
40
454
658
562
45
677
658
8
967
150
85
175
467
364
984
74
813
825
698
980
496
621
505
398
435
908
684
862
708
550
980
489
631
336
356
977
491
181
845
34
778
589
785
847
814
779
263
423
34
229
71
682
36
69
545
129
957
409
41
202
646
895
453
451
178
328
151
66
569
743
305
884
653
184
705
525
13
760
656
481
670
504
2
186
736
304
503
457
673
438
363
402
382
877
840
983
901
102
447
860
99
676
975
915
775
259
929
698
520
61
326
627
886
28
278
894
683
107
239
693
634
20
394
452
374
396
326
669
981
244
637
225
684
930
327
590
235
56
392
794
782
930
232
433
737
13
253
670
739
79
335
791
899
440
256
767
449
982
591
508
995
772
707
537
887
258
924
578
442
37
536
451
212
988
158
846
100
252
47
931
197
975
819
584
264
916
985
390
651
229
875
961
140
693
479
309
41
940
908
532
555
864
118
549
144
808
838
339
38
803
165
12
487
564
362
284
824
74
414
606
542
952
632
502
686
514
575
559
352
859
910
854
357
473
435
87
111
549
102
680
337
411
293
496
328
382
997
574
990
491
78
308
560
328
284
206
291
213
223
75
820
108
866
528
219
349
798
382
838
99
479
953
245
47
3
814
683
810
849
658
68
789
527
973
191
431
818
303
883
397
721
304
243
90
864
638
830
447
54
508
991
628
126
68
139
132
474
934
966
365
613
44
937
189
125
378
296
289
30
700
257
32
835
245
598
806
940
699
146
538
937
347
640
372
347
130
985
288
332
109
386
285
340
54
86
799
229
725
947
438
412
987
233
565
143
315
804
9
724
601
578
641
376
761
837
605
234
111
547
409
433
847
664
792
194
970
204
617
652
690
251
463
727
325
963
471
248
171
140
466
870
483
669
23
664
581
622
234
628
76
752
591
711
331
878
740
983
684
152
572
362
81
744
792
61
962
867
453
257
668
712
320
713
268
722
810
495
570
793
985
19
236
821
67
342
325
265
669
72
17
903
623
82
626
274
976
146
982
90
210
308
997
704
680
151
432
580
769
898
948
636
838
781
44
163
924
554
694
673
100
528
149
597
156
110
918
524
893
786
333
591
382
403
196
398
69
816
443
750
535
145
738
634
265
528
911
513
224
999
153
673
741
364
652
820
36
11
290
371
889
644
376
551
386
261
293
48
750
14
673
136
301
415
187
490
628
125
887
41
340
151
592
627
894
182
638
229
39
667
494
992
766
317
328
186
555
311
366
774
99
251
919
947
719
447
706
812
396
772
422
122
53
383
908
449
951
851
807
642
848
911
848
820
352
373
299
159
828
37
278
552
33
302
216
591
327
715
354
759
553
994
397
593
39
217
117
984
731
769
735
876
104
30
541
303
188
11
820
800
187
143
2
376
621
991
66
520
35
939
839
257
193
92
330
148
281
823
591
851
692
33
208
389
631
160
996
944
836
988
808
830
114
526
553
887
619
374
713
202
125
342
634
397
218
339
212
698
389
343
867
290
736
891
414
720
242
680
986
396
552
908
303
170
732
430
717
200
731
367
917
288
154
44
805
512
862
318
622
8
387
607
30
320
456
93
29
8
181
910
293
493
628
448
995
569
204
441
759
931
546
916
928
12
56
331
686
921
325
945
22
981
72
162
615
881
47
45
342
919
882
52
972
953
738
412
773
873
554
537
559
245
642
219
24
402
722
746
1000
254
131
704
393
454
711
604
496
678
919
149
393
132
777
769
318
110
235
522
402
95
751
535
38
888
878
457
585
598
732
885
762
82
456
319
639
8
601
369
106
225
293
180
408
760
889
653
572
452
68
327
239
263
478
812
836
223
133
484
508
54
534
112
874
397
464
755
152
365
816
55
10
23
721
53
584
535
819
895
461
583
202
654
152
485
412
384
658
265
892
212
836
680
874
56
599
6
787
237
832
127
952
549
893
137
477
560
351
609
468
475
54
922
517
695
203
368
198
360
689
141
899
569
110
728
49
591
600
374
572
350
151
498
983
276
122
155
556
737
373
16
246
578
889
446
710
780
438
606
289
4
780
203
202
752
531
387
125
265
43
458
174
183
883
223
511
878
629
500
797
984
793
626
537
793
490
427
845
877
10
197
205
466
951
482
838
163
769
336
288
29
758
64
516
44
59
120
587
569
110
905
902
500
559
518
444
314
834
172
712
462
611
151
60
693
78
366
163
920
846
871
917
343
954
185
170
438
214
49
636
923
786
655
718
131
804
216
414
385
128
815
739
475
493
555
453
682
35
171
638
352
70
669
16
283
672
959
336
817
64
351
812
214
266
737
999
591
742
711
58
321
944
766
824
772
929
134
67
571
350
638
783
845
636
126
420
48
361
29
865
212
822
447
671
541
283
745
600
713
987
156
162
530
130
28
174
611
354
451
264
562
662
576
260
722
1000
557
581
351
597
777
39
505
414
276
746
505
882
185
411
778
456
368
979
778
800
133
188
446
436
638
719
608
903
37
685
245
863
790
851
966
871
722
169
372
341
692
993
859
408
264
751
300
287
801
533
748
78
116
691
891
449
64
375
809
288
43
998
625
535
510
60
42
308
507
55
94
701
639
583
15
361
951
420
374
768
178
196
968
395
483
944
373
608
382
939
320
373
745
49
556
607
804
366
14
109
906
861
358
498
828
575
203
14
488
837
934
548
228
791
482
926
196
822
747
475
339
176
167
188
259
823
649
425
130
120
814
784
968
755
645
456
716
421
414
522
902
923
197
285
529
385
399
681
862
548
197
244
146
590
648
372
279
811
809
94
78
803
228
755
289
192
499
997
44
280
75
538
518
610
134
33
400
124
37
101
80
446
806
656
364
463
229
506
3
132
294
14
547
280
83
79
112
889
416
220
304
871
990
64
247
985
600
355
834
912
626
869
578
443
262
383
746
316
896
17
118
347
958
141
158
432
783
727
119
182
495
548
869
832
932
731
99
620
369
776
756
673
288
303
658
498
248
513
930
374
69
14
106
306
193
852
916
159
901
203
563
697
475
969
451
150
449
426
817
606
581
754
853
395
160
543
180
981
849
662
394
231
427
962
177
587
575
525
108
571
951
554
595
418
281
877
691
19
405
771
354
75
535
21
21
417
17
740
454
799
353
762
860
923
781
852
677
424
579
208
665
573
394
290
687
271
875
469
890
143
68
355
246
59
543
379
573
652
89
545
485
343
730
974
671
141
296
337
55
763
222
303
169
543
346
193
846
950
658
481
491
890
106
543
878
640
894
403
472
521
143
375
692
646
620
599
171
718
255
929
98
116
72
40
497
330
247
946
506
529
803
317
380
93
531
718
981
167
424
724
824
33
775
366
923
396
494
702
992
349
726
767
369
232
853
882
850
15
322
236
930
438
58
953
947
595
114
766
963
152
263
990
542
72
294
800
600
73
127
144
614
848
883
691
752
142
570
194
101
635
122
541
750
765
900
117
545
915
308
213
273
488
283
95
408
355
1000
261
792
90
493
899
653
982
935
640
140
574
940
401
444
839
611
609
221
156
782
519
769
886
741
29
552
7
315
537
725
168
54
553
147
945
497
629
945
578
900
713
861
328
121
382
619
916
517
79
394
336
437
11
729
789
961
627
81
140
737
379
363
373
804
309
600
969
197
861
726
420
620
539
522
371
799
57
160
343
524
610
279
109
746
130
862
950
275
599
73
777
564
139
631
461
389
640
37
917
513
100
238
160
599
464
370
771
344
465
110
42
48
899
319
852
295
337
668
573
921
970
738
91
509
172
187
143
33
997
225
943
773
361
631
433
697
868
141
678
921
290
859
93
916
580
917
144
78
817
745
461
307
634
294
154
966
142
84
612
98
594
818
80
189
330
79
355
701
130
796
821
770
657
16
511
32
539
98
679
242
121
179
958
75
412
464
213
897
211
341
180
408
14
473
606
37
857
183
944
110
769
717
841
677
654
998
94
863
629
419
647
112
734
766
375
360
643
392
256
104
706
428
439
46
798
777
61
953
790
104
190
833
750
950
775
307
422
643
779
35
850
200
798
925
678
119
873
693
384
669
678
242
988
916
555
790
246
833
635
790
921
741
54
576
972
713
465
627
69
785
119
952
991
585
509
895
612
640
911
266
589
558
47
792
220
456
555
320
700
116
478
634
956
749
659
215
411
41
156
301
739
518
752
498
677
733
594
218
515
445
324
568
84
760
1000
997
163
143
394
625
826
334
329
840
211
878
540
763
291
892
857
217
102
482
505
695
218
794
297
267
831
739
429
959
589
348
638
294
506
32
488
597
227
89
569
258
893
185
846
458
325
515
254
701
772
430
124
475
516
932
836
791
452
451
824
250
615
203
810
194
44
825
566
633
353
374
227
128
824
908
22
1000
639
843
359
625
343
17
447
943
751
838
193
526
793
392
684
13
589
756
745
175
299
7
824
76
657
179
693
928
219
722
18
817
548
208
938
393
598
816
565
685
40
627
397
703
645
729
433
265
234
350
902
245
947
703
468
988
406
850
769
301
313
327
179
354
659
607
545
910
106
34
466
470
560
583
710
737
399
32
158
737
831
828
909
201
250
648
985
984
552
219
734
380
988
222
846
877
199
205
630
749
244
491
844
819
897
817
813
288
416
272
243
99
293
302
500
236
377
980
88
247
966
137
752
126
544
590
973
506
428
751
859
480
519
353
733
134
852
243
865
760
621
46
394
884
179
964
45
829
155
406
359
395
906
511
572
264
712
273
727
922
203
318
802
335
271
941
612
746
293
643
421
109
365
220
939
885
873
396
371
342
500
26
701
978
864
465
490
97
128
804
245
765
865
437
135
156
500
345
439
439
26
781
209
89
894
348
581
809
245
2
377
189
91
101
731
449
184
516
438
897
898
279
803
553
663
843
86
880
829
476
695
243
595
167
807
167
450
796
376
896
418
583
748
533
793
822
225
214
943
736
240
552
522
611
326
315
577
577
552
3
203
168
266
245
87
916
389
746
983
926
324
684
24
428
253
897
203
889
523
367
646
922
251
640
255
355
783
157
754
212
901
817
821
290
866
575
426
428
198
935
735
847
25
405
925
635
829
798
304
941
957
935
705
338
557
103
922
200
977
257
780
100
294
581
129
208
565
125
812
910
249
319
964
876
191
209
1
799
520
137
641
130
244
617
494
168
939
613
326
118
605
6
329
378
657
214
586
868
717
526
660
829
907
388
756
483
74
372
863
768
274
151
928
304
253
950
786
461
327
137
318
798
901
191
346
889
6
65
30
131
61
699
613
375
217
978
476
606
761
235
288
307
882
561
127
288
855
945
804
496
467
913
270
166
910
701
13
235
582
563
295
574
778
162
483
131
205
296
725
286
566
350
751
408
671
76
394
375
137
972
247
38
362
911
811
154
839
715
739
752
358
672
351
25
559
825
196
717
171
640
992
617
394
386
19
539
625
680
378
37
631
521
89
52
269
651
910
480
650
409
673
139
525
758
983
19
910
822
755
398
558
828
596
875
533
414
29
48
202
103
445
650
440
948
460
256
281
839
929
617
686
904
424
924
406
555
146
182
43
93
661
309
939
429
708
615
91
716
271
183
493
40
135
849
136
271
446
877
211
567
771
7
276
91
382
833
550
737
698
8
634
387
457
496
638
682
382
220
263
116
905
194
345
607
345
63
86
369
576
69
303
706
816
600
930
785
712
452
560
294
919
392
218
416
54
938
514
874
341
667
970
386
193
820
558
603
316
377
460
666
986
342
985
241
958
593
965
337
450
654
279
91
219
737
445
773
191
431
800
946
260
854
307
220
516
194
877
667
711
388
884
969
233
863
509
35
22
82
332
110
404
427
902
663
439
741
556
548
541
549
162
913
211
817
215
459
941
37
989
713
500
769
854
820
842
956
977
522
264
649
37
880
651
34
675
318
281
325
994
979
410
810
758
125
744
153
503
544
8
988
33
25
695
429
134
370
255
769
918
452
687
813
356
311
702
597
616
704
554
440
304
275
560
459
886
442
85
708
449
86
873
135
405
241
96
175
557
689
940
529
771
678
411
432
182
885
149
219
473
273
354
155
148
272
260
141
434
673
957
131
628
149
42
287
429
211
573
10
914
383
756
277
255
712
425
68
669
340
424
85
284
281
970
711
93
667
112
426
242
339
224
553
460
449
581
668
750
584
824
747
498
347
162
350
438
112
997
300
597
553
912
24
434
327
995
403
362
601
381
948
39
751
674
619
213
56
134
582
363
935
720
165
89
944
307
637
524
199
806
448
649
695
760
324
872
154
157
441
95
528
894
846
28
948
405
146
228
522
92
666
217
80
891
854
501
373
799
67
66
125
590
893
558
480
375
464
883
973
157
931
761
29
743
175
803
150
281
637
980
888